Generate random matrix A:

     0.374      0.906      0.118      0.951      0.569      0.379 
     0.906      0.844      0.465     0.0102      0.784      0.713 
     0.118      0.465      0.828      0.332      0.358    0.00578 
     0.951     0.0102      0.332      0.948      0.118      0.522 
     0.569      0.784      0.358      0.118      0.689      0.158 
     0.379      0.713    0.00578      0.522      0.158      0.897 
Perform Jacobi Eigenvalue Diagonalization of A - It took n=6 sweeps before convergence
Generate matrix D holding eigenvalues on diagonal:

    -0.808   1.71e-14   1.27e-18   2.67e-22  -3.98e-09  -6.13e-11 
  1.72e-14    -0.0774   3.81e-18  -3.31e-24  -1.24e-12   7.34e-14 
 -8.05e-17   1.52e-16      0.462  -2.45e-10   1.46e-14  -1.77e-17 
 -1.58e-17   9.29e-17  -2.45e-10      0.855  -3.57e-15  -3.17e-19 
 -3.98e-09  -1.24e-12   1.47e-14  -3.63e-15       1.15          0 
 -6.13e-11   7.34e-14  -4.83e-17  -8.57e-17   1.54e-16          3 
Generate matrix V holding eigenvectors in columns:

     0.682      0.367     -0.394     0.0228     -0.158      0.469 
    -0.497      0.498     0.0491     -0.264      0.402      0.522 
     0.191    0.00988      0.581      0.695      0.273       0.26 
     -0.46     -0.093     -0.126      0.364     -0.697      0.383 
   -0.0298     -0.701      -0.42     0.0593      0.429      0.379 
     0.199     -0.344      0.559     -0.557     -0.265      0.387 
---------------------------------------------------
Performing checks on the results of the Jacobi EVD
Checking that V^TAV == D:

    -0.808   1.72e-14  -1.39e-17   -1.8e-16  -3.98e-09  -6.13e-11 
  1.72e-14    -0.0774   1.39e-17   4.86e-17  -1.24e-12   7.36e-14 
  1.39e-17  -4.16e-17      0.462  -2.45e-10   1.48e-14    4.3e-16 
 -1.25e-16  -2.78e-17  -2.45e-10      0.855  -3.61e-15  -5.55e-17 
 -3.98e-09  -1.24e-12   1.48e-14  -3.64e-15       1.15   2.91e-16 
 -6.13e-11   7.41e-14   1.11e-16          0   6.11e-16          3 
Checking that VDV^T == A:

     0.374      0.906      0.118      0.951      0.569      0.379 
     0.906      0.844      0.465     0.0102      0.784      0.713 
     0.118      0.465      0.828      0.332      0.358    0.00578 
     0.951     0.0102      0.332      0.948      0.118      0.522 
     0.569      0.784      0.358      0.118      0.689      0.158 
     0.379      0.713    0.00578      0.522      0.158      0.897 
Confirmed that it indeed reproduces A
Checking that V^TV == 1:

         1  -9.71e-17  -6.94e-17   1.39e-17   3.47e-17   6.94e-17 
 -9.71e-17          1  -1.94e-16  -1.39e-16   1.94e-16  -5.55e-17 
 -6.94e-17  -1.94e-16          1   2.22e-16   5.55e-17   2.22e-16 
  1.39e-17  -1.39e-16   2.22e-16          1   2.78e-17   8.33e-17 
  3.47e-17   1.94e-16   5.55e-17   2.78e-17          1   8.33e-17 
  6.94e-17  -5.55e-17   2.22e-16   8.33e-17   8.33e-17          1 
Checking that VV^T == 1:

         1          0  -3.05e-16  -1.11e-16  -5.55e-17  -3.05e-16 
         0          1  -5.55e-17  -3.33e-16   -2.5e-16  -1.67e-16 
 -3.05e-16  -5.55e-17          1   6.94e-17  -5.55e-17   2.36e-16 
 -1.11e-16  -3.33e-16   6.94e-17          1  -2.78e-17  -2.78e-17 
 -5.55e-17   -2.5e-16  -5.55e-17  -2.78e-17          1  -2.78e-17 
 -3.05e-16  -1.67e-16   2.36e-16  -2.78e-17  -2.78e-17          1 
All checks completed, the routine works as intended!
