Generate random matrix A:

     0.336      0.909      0.842      0.144      0.416      0.649 
     0.909      0.641      0.893       0.66      0.621      0.695 
     0.842      0.893      0.325      0.492      0.413      0.455 
     0.144       0.66      0.492      0.884       0.21      0.739 
     0.416      0.621      0.413       0.21       0.21      0.221 
     0.649      0.695      0.455      0.739      0.221       0.63 
Perform Jacobi Eigenvalue Diagonalization of A - It took n=7 sweeps before convergence
Generate matrix D holding eigenvalues:

    -0.642   1.65e-24   1.12e-12   1.19e-14  -6.81e-17   1.17e-17 
 -2.99e-17     -0.458  -9.66e-15   6.01e-20  -1.81e-24   5.31e-10 
  1.12e-12  -9.65e-15     -0.134  -2.07e-25   -2.9e-11  -8.52e-13 
  1.19e-14  -3.84e-17  -9.67e-17      0.113  -3.57e-12  -1.23e-13 
 -5.91e-17   1.95e-18   -2.9e-11  -3.57e-12      0.727   7.41e-15 
  8.31e-18   5.31e-10  -8.52e-13  -1.23e-13   7.25e-15       3.42 
Generate matrix V holding eigenvectors:

     0.739     -0.124      0.155     -0.296        0.4      0.408 
    -0.194      0.794     0.0532      0.166      0.176      0.521 
    -0.498     -0.504       0.51      0.113      0.224      0.418 
     0.305    -0.0913      0.153      0.362     -0.774      0.383 
    0.0177     -0.287     -0.714      0.516       0.27      0.261 
    -0.273     -0.101     -0.425     -0.689     -0.296      0.415 
---------------------------------------------------
Performing checks on the results of the Jacobi evd
Checking that V^TAV == D:

    -0.642  -1.49e-16   1.12e-12   1.19e-14  -1.39e-16  -1.04e-15 
 -4.16e-17     -0.458  -9.51e-15   1.67e-16   3.12e-17   5.31e-10 
  1.12e-12  -9.51e-15     -0.134  -4.86e-17   -2.9e-11  -8.52e-13 
  1.18e-14   5.72e-17  -1.18e-16      0.113  -3.57e-12  -1.23e-13 
 -2.78e-17  -2.08e-17   -2.9e-11  -3.57e-12      0.727   7.09e-15 
 -1.05e-15   5.31e-10  -8.52e-13  -1.23e-13   6.99e-15       3.42 
Yep that looks like D
Checking that VDV^T == A:

     0.336      0.909      0.842      0.144      0.416      0.649 
     0.909      0.641      0.893       0.66      0.621      0.695 
     0.842      0.893      0.325      0.492      0.413      0.455 
     0.144       0.66      0.492      0.884       0.21      0.739 
     0.416      0.621      0.413       0.21       0.21      0.221 
     0.649      0.695      0.455      0.739      0.221       0.63 
Confirmed that it indeed reproduces A
Checking that V^TV == 1:

         1   1.35e-16   -4.3e-16  -2.78e-17   6.94e-17  -3.61e-16 
  1.35e-16          1  -1.94e-16  -8.33e-17          0  -4.86e-17 
  -4.3e-16  -1.94e-16          1  -5.55e-16  -2.78e-17   5.55e-17 
 -2.78e-17  -8.33e-17  -5.55e-16          1  -2.22e-16   5.55e-17 
  6.94e-17          0  -2.78e-17  -2.22e-16          1  -2.64e-16 
 -3.61e-16  -4.86e-17   5.55e-17   5.55e-17  -2.64e-16          1 
Checking that VV^T == 1:

         1  -1.94e-16  -2.22e-16  -4.16e-16  -8.33e-17  -1.94e-16 
 -1.94e-16          1  -1.94e-16  -1.11e-16  -1.11e-16   1.11e-16 
 -2.22e-16  -1.94e-16          1  -8.33e-17  -3.89e-16    2.5e-16 
 -4.16e-16  -1.11e-16  -8.33e-17          1          0   2.78e-16 
 -8.33e-17  -1.11e-16  -3.89e-16          0          1  -1.39e-16 
 -1.94e-16   1.11e-16    2.5e-16   2.78e-16  -1.39e-16          1 
All checks completed, the routine works as intended!
