Result = -3.99999970392108, ncalls = 224
result= (-3.9999999999999827, 2.3359092438113294e-13) ncalls = 315
