--------------------- Testing the QRGS Decomposition ----------------
Random generated matrix A:

     0.934      0.172      0.476      0.901      0.933 
     0.985      0.844      0.421      0.243      0.482 
     0.501      0.731     0.0305      0.347      0.841 
     0.679       0.13      0.683      0.152      0.168 
     0.559      0.431      0.144      0.645      0.641 
      0.65      0.717      0.546      0.396      0.734 
     0.508      0.334      0.189      0.608      0.552 
    0.0174      0.566      0.609      0.337      0.447 
QRGS Decomposed Q Matrix:

     0.496     -0.469     0.0891      0.438      0.317 
     0.523      0.208     -0.185     -0.525     -0.413 
     0.266      0.426     -0.416     0.0143      0.586 
      0.36     -0.335      0.512     -0.378     0.0554 
     0.297     0.0664     -0.218      0.382     -0.372 
     0.345      0.307      0.193    -0.0809      0.288 
      0.27  -0.000172     -0.107      0.376     -0.388 
   0.00926      0.588      0.653      0.309     -0.103 
QRGS Decomposed R Matrix, which is hopefully right triangular:

      1.88       1.24      0.998       1.22        1.6 
         0      0.944      0.184     0.0878      0.496 
         0          0      0.753     0.0596    -0.0351 
         0          0          0      0.761      0.635 
         0          0          0          0      0.311 
Checking that Q^T*Q = 1:

         1   8.67e-17  -2.88e-16  -7.07e-17  -9.01e-16 
  8.67e-17          1          0  -2.78e-17   2.15e-16 
 -2.88e-16          0          1  -2.78e-17  -4.16e-17 
 -7.07e-17  -2.78e-17  -2.78e-17          1  -3.33e-16 
 -9.01e-16   2.15e-16  -4.16e-17  -3.33e-16          1 
Only tiny values on off-diagonal - it's good enough!
Check that Q*R=A:

     0.934      0.172      0.476      0.901      0.933 
     0.985      0.844      0.421      0.243      0.482 
     0.501      0.731     0.0305      0.347      0.841 
     0.679       0.13      0.683      0.152      0.168 
     0.559      0.431      0.144      0.645      0.641 
      0.65      0.717      0.546      0.396      0.734 
     0.508      0.334      0.189      0.608      0.552 
    0.0174      0.566      0.609      0.337      0.447 
Yep that looks like A!
--------------------- Testing the implemented solver----------------
Random generated matrix A2:

     0.119      0.925       0.93       0.32      0.681     0.0513 
     0.745     0.0976      0.395      0.153      0.139      0.988 
     0.503     0.0276      0.831       0.26      0.283      0.268 
    0.0242      0.509      0.973      0.167      0.543      0.422 
     0.824      0.113      0.521      0.346      0.705      0.336 
     0.506      0.214      0.325       0.96      0.598      0.803 
Random generated vector b:
     0.832      0.914      0.367      0.298      0.795       0.44 
QRGS Decomp of A and R:

    0.0901       0.86     -0.231      -0.16     -0.112     -0.401 
     0.562    -0.0732     -0.183     -0.424     -0.555      0.398 
      0.38    -0.0862      0.725       0.11     -0.275     -0.485 
    0.0182      0.483      0.551     0.0461      0.203      0.648 
     0.621    -0.0765    -0.0917     -0.192      0.743     -0.102 
     0.381     0.0921     -0.275      0.862     -0.103      0.126 

      1.33      0.309       1.09      0.797      0.923       1.18 
         0       1.04       1.16      0.384      0.815      0.201 
         0          0      0.715     -0.118     0.0922    -0.0173 
         0          0          0      0.682      0.269       0.25 
         0          0          0          0      0.341     -0.375 
         0          0          0          0          0      0.583 
Solving the system for solution (y):
      1.22        1.2     -0.183     -0.267     -0.243     0.0333 
Checking that the solution satisfies A*y=b:
A*y is equal to:
     0.832      0.914      0.367      0.298      0.795       0.44 
Which is equal to b: 
     0.832      0.914      0.367      0.298      0.795       0.44 
The system has been solved!
Is A*y approximately equal to b using method from vector class? - True
