broyden:
start point:         7         -7 
ncalls=38
root=         1          3 
f(root)=  1.27e-09   6.62e-11 
eps            = 1E-07
f(root).norm() = 1.27025822394033E-09
test passed

newton:
start point:         7         -7 
ncalls=22
root=         1          3 
f(root)=  1.15e-14   4.44e-16 
eps            = 1E-07
f(root).norm() = 1.15548564771985E-14
test passed
