x=3.1415927 y=2.71828, should output pi and e
x=3.1415927 y=2.71828, should output pi and e
Sin^2+Cos^2=1 - should equal 1
sqrt(2)=1.4142135623731, should be 1.41 ish
sqrt2*sqrt2 = 2 (should be equal 2)
