x=3.1415927 y=2.71828
x=3.1415927 y=2.71828
Sin^2+Cos^2=1
sqrt(2)=1.4142135623731
sqrt2*sqrt2 = 2 (should be equal 2)
